T_g =   298.08    T_s =   298.08
P_g =  0.26119E+07RO_g =  0.23416E-02
X_g =  0.49943    X_s =  0.99209E-01
